#  tmax sb delta sd N0 mu resc0 simnum 
#  619 0.05 0.01 0.001 500 1e-05 5 5000 
x worstN 
0.0001844263 353.3387 
0.0002012785 531.215 
0.0002196707 725.7653 
0.0002397435 915.2001 
0.0002616505 1083.241 
0.0002855592 1224.91 
0.0003116527 1338.254 
0.0003401305 1423.133 
0.0003712105 1482.548 
0.0004051305 1522.042 
0.00044215 1541.472 
0.0004825522 1544.474 
0.0005266462 1534.771 
0.0005747694 1513.543 
0.00062729 1482.548 
0.0006846097 1446.091 
0.0007471671 1403.6 
0.0008154407 1358.491 
0.000889953 1308.674 
0.000971274 1257.687 
0.001060026 1205.953 
0.001156888 1152.071 
0.0012626 1099.763 
0.001377972 1046.762 
0.001503887 995.0823 
0.001641307 944.5379 
0.001791284 895.5518 
0.001954966 847.811 
0.002133605 801.4336 
0.002328566 757.4972 
0.002541343 714.4182 
0.002773563 673.396 
0.003027002 634.0308 
0.003303599 596.9078 
0.003605471 561.2654 
0.003934927 526.9083 
0.004294488 495.25 
0.004686904 464.3998 
0.005115178 435.8297 
0.005582586 408.1256 
0.006092705 382.6395 
0.006649436 358.2747 
0.00725704 335.2314 
0.007920164 313.4727 
0.008643883 293.2245 
0.009433732 273.8783 
0.01029576 255.857 
0.01123655 239.0587 
0.01226331 222.9521 
0.01338389 208.1475 
0.01460686 194.0092 
0.01594159 180.9704 
0.01739828 168.7349 
0.01898808 157.1422 
0.02072315 146.3848 
0.02261676 136.4239 
0.0246834 126.9207 
0.02693889 118.1927 
0.02940048 109.9467 
