#  tmax sb delta sd N0 mu resc0 simnum 
#  619 0.05 0.01 0.001 500 1e-05 5 5000 
x worstN 
1e-06 2853.108 
1.053865e-06 2827.734 
1.110631e-06 2802.361 
1.170454e-06 2773.646 
1.2335e-06 2749.757 
1.299942e-06 2721.053 
1.369963e-06 2697.173 
1.443756e-06 2668.957 
1.521523e-06 2642.183 
1.603479e-06 2618.615 
1.68985e-06 2590.304 
1.780873e-06 2563.624 
1.876799e-06 2537.001 
1.977892e-06 2511.651 
2.08443e-06 2486.226 
2.196707e-06 2460.128 
2.315032e-06 2432.461 
2.43973e-06 2406.337 
2.571145e-06 2380.144 
2.709639e-06 2352.669 
2.855592e-06 2326.449 
3.009408e-06 2299.878 
3.171508e-06 2273.238 
3.34234e-06 2246.599 
3.522374e-06 2219.959 
3.712105e-06 2193.32 
3.912056e-06 2166.68 
4.122777e-06 2140.041 
4.344849e-06 2110.862 
4.578882e-06 2085.685 
4.825522e-06 2056.502 
5.085447e-06 2031.171 
5.359372e-06 2002.119 
5.648053e-06 1976.656 
5.952283e-06 1947.735 
6.2729e-06 1922.142 
6.610787e-06 1894.516 
6.966874e-06 1865 
7.342142e-06 1837.76 
7.737624e-06 1810.521 
8.154407e-06 1783.281 
8.593641e-06 1754.806 
9.056534e-06 1725.428 
9.544361e-06 1697.688 
1.005846e-05 1668.612 
1.060026e-05 1639.537 
1.117124e-05 1612.399 
1.177297e-05 1583.288 
1.240712e-05 1554.178 
1.307542e-05 1525.067 
1.377972e-05 1495.28 
1.452196e-05 1465.573 
1.530418e-05 1435.865 
1.612854e-05 1404.466 
1.699729e-05 1373.857 
1.791284e-05 1344.114 
1.887771e-05 1312.791 
1.989455e-05 1282.618 
2.096616e-05 1250.403 
2.20955e-05 1219.091 
2.328566e-05 1186.274 
2.453994e-05 1154.322 
2.586177e-05 1121.584 
2.72548e-05 1089.321 
2.872287e-05 1055.882 
3.027002e-05 1022.442 
3.19005e-05 989.0024 
3.361881e-05 954.8148 
3.542967e-05 920.1889 
3.733807e-05 884.4247 
3.934927e-05 850.2519 
4.14688e-05 814.6159 
4.37025e-05 778.5287 
4.605652e-05 742.8517 
4.853734e-05 706.4837 
5.115178e-05 669.7195 
5.390705e-05 632.9554 
5.681073e-05 596.1913 
5.987082e-05 559.4272 
6.309573e-05 522.6631 
