#  tmax sb delta sd N0 mu resc0 simnum 
#  619 0.05 0.01 0.001 500 1e-05 5 5000 
x worstN 
1e-06 2449.913 
1.053865e-06 2422.289 
1.110631e-06 2396.192 
1.170454e-06 2370.024 
1.2335e-06 2345.415 
1.299942e-06 2316.399 
1.369963e-06 2290.462 
1.443756e-06 2263.855 
1.521523e-06 2237.247 
1.603479e-06 2210.64 
1.68985e-06 2184.032 
1.780873e-06 2157.425 
1.876799e-06 2130.817 
1.977892e-06 2103.857 
2.08443e-06 2077.129 
2.196707e-06 2049.342 
2.315032e-06 2022.68 
2.43973e-06 1996.076 
2.571145e-06 1970.599 
2.709639e-06 1941.693 
2.855592e-06 1916.085 
3.009408e-06 1889.061 
3.171508e-06 1861.789 
3.34234e-06 1834.517 
3.522374e-06 1807.244 
3.712105e-06 1779.972 
3.912056e-06 1750.594 
4.122777e-06 1723.354 
4.344849e-06 1695.645 
4.578882e-06 1668.612 
4.825522e-06 1641.509 
5.085447e-06 1612.399 
5.359372e-06 1585.191 
5.648053e-06 1557.156 
5.952283e-06 1528.08 
6.2729e-06 1499.524 
6.610787e-06 1471.585 
6.966874e-06 1441.842 
7.342142e-06 1412.943 
7.737624e-06 1384.938 
8.154407e-06 1355.23 
8.593641e-06 1325.523 
9.056534e-06 1297.221 
9.544361e-06 1266.493 
1.005846e-05 1237.322 
1.060026e-05 1206.7 
1.117124e-05 1176.147 
1.177297e-05 1146.164 
1.240712e-05 1115.651 
1.307542e-05 1084.545 
1.377972e-05 1052.842 
1.452196e-05 1021.212 
1.530418e-05 990.1923 
1.612854e-05 957.4494 
1.699729e-05 925.1631 
1.791284e-05 893.1139 
1.887771e-05 860.0156 
1.989455e-05 825.8428 
2.096616e-05 792.2024 
2.20955e-05 758.1117 
2.328566e-05 724.021 
2.453994e-05 689.9398 
2.586177e-05 654.2268 
2.72548e-05 619.3428 
2.872287e-05 584.0249 
3.027002e-05 547.739 
3.19005e-05 511.6339 
3.361881e-05 475.5059 
3.542967e-05 439.5406 
3.733807e-05 403.1837 
3.934927e-05 366.9128 
4.14688e-05 331.1265 
