#  tmax sb delta sd N0 mu resc0 simnum 
#  619 0.05 0.01 0.001 500 1e-05 5 5000 
x worstN 
1e-06 3589.326 
1.053865e-06 3561.008 
1.110631e-06 3534.997 
1.170454e-06 3509.408 
1.2335e-06 3487.034 
1.299942e-06 3460.359 
1.369963e-06 3431.525 
1.443756e-06 3408.917 
1.521523e-06 3380.206 
1.603479e-06 3353.445 
1.68985e-06 3328.887 
1.780873e-06 3301.862 
1.876799e-06 3278.571 
1.977892e-06 3253.495 
2.08443e-06 3224.475 
2.196707e-06 3201.276 
2.315032e-06 3172.291 
2.43973e-06 3147.087 
2.571145e-06 3120.223 
2.709639e-06 3096.137 
2.855592e-06 3068.925 
3.009408e-06 3045.368 
3.171508e-06 3016.305 
3.34234e-06 2992.759 
3.522374e-06 2965.579 
3.712105e-06 2938.4 
3.912056e-06 2911.22 
4.122777e-06 2886.939 
4.344849e-06 2861.566 
4.578882e-06 2832.78 
4.825522e-06 2809.104 
5.085447e-06 2780.329 
5.359372e-06 2754.925 
5.648053e-06 2729.521 
5.952283e-06 2700.419 
6.2729e-06 2673.606 
6.610787e-06 2650.038 
6.966874e-06 2621.766 
7.342142e-06 2595.047 
7.737624e-06 2566.708 
8.154407e-06 2540.057 
8.593641e-06 2514.67 
9.056534e-06 2486.226 
9.544361e-06 2460.128 
1.005846e-05 2432.461 
1.060026e-05 2403.446 
1.117124e-05 2374.43 
1.177297e-05 2348.237 
1.240712e-05 2319.186 
1.307542e-05 2290.462 
1.377972e-05 2263.855 
1.452196e-05 2233.279 
1.530418e-05 2203.988 
1.612854e-05 2174.761 
1.699729e-05 2146.701 
1.791284e-05 2114.966 
1.887771e-05 2085.685 
1.989455e-05 2055.399 
2.096616e-05 2025.114 
2.20955e-05 1992.431 
2.328566e-05 1962.181 
2.453994e-05 1928.199 
2.586177e-05 1895.404 
2.72548e-05 1861.789 
2.872287e-05 1829.062 
3.027002e-05 1794.177 
3.19005e-05 1758.154 
3.361881e-05 1723.354 
3.542967e-05 1685.175 
3.733807e-05 1647.244 
3.934927e-05 1608.523 
4.14688e-05 1568.733 
4.37025e-05 1526.242 
4.605652e-05 1484.332 
4.853734e-05 1438.376 
5.115178e-05 1390.853 
5.390705e-05 1340.883 
5.681073e-05 1288.371 
5.987082e-05 1230.03 
6.309573e-05 1166.638 
