#  tmax sb delta sd N0 mu resc0 simnum 
#  619 0.05 0.01 0.001 500 1e-05 5 5000 
x worstN 
0.0001091377 654.2268 
0.0001191103 888.2379 
0.0001299942 1152.071 
0.0001418727 1429.094 
0.0001548365 1697.688 
0.000168985 1940.313 
0.0001844263 2146.701 
0.0002012785 2316.399 
0.0002196707 2445.586 
0.0002397435 2535.247 
0.0002616505 2595.047 
0.0002855592 2623.311 
0.0003116527 2626.471 
0.0003401305 2610.759 
0.0003712105 2574.574 
0.0004051305 2524.345 
0.00044215 2461.477 
0.0004825522 2391.812 
0.0005266462 2311.924 
0.0005747694 2230.596 
0.00062729 2144.121 
0.0006846097 2055.399 
0.0007471671 1965.863 
0.0008154407 1878.152 
0.000889953 1788.729 
0.000971274 1701.773 
0.001060026 1615.307 
0.001156888 1531.082 
0.0012626 1450.34 
0.001377972 1372.206 
0.001503887 1297.749 
0.001641307 1224.91 
0.001791284 1154.322 
0.001954966 1088.895 
0.002133605 1024.248 
0.002328566 964.6826 
0.002541343 906.9233 
0.002773563 851.6682 
0.003027002 799.9529 
0.003303599 750.1744 
0.003605471 703.7971 
0.003934927 659.7348 
0.004294488 618.2498 
0.004686904 578.9509 
0.005115178 541.6953 
0.005582586 506.7274 
0.006092705 473.607 
0.006649436 442.7195 
0.00725704 413.564 
0.007920164 385.8867 
0.008643883 360.3738 
0.009433732 336.0625 
0.01029576 313.3685 
0.01123655 291.989 
0.01226331 271.9822 
0.01338389 253.3259 
0.01460686 235.6078 
0.01594159 219.1553 
0.01739828 203.7233 
0.01898808 189.4143 
0.02072315 175.9142 
0.02261676 163.2736 
0.0246834 151.4471 
0.02693889 140.3516 
0.02940048 130.0885 
0.032087 120.4405 
0.035019 111.4474 
