#  tmax sb delta sd N0 mu resc0 simnum 
#  619 0.05 0.01 0.001 500 1e-05 5 5000 
x worstN 
1e-04 3746.813 
0.0001091377 4152.868 
0.0001191103 4477.664 
0.0001299942 4730.233 
0.0001418727 4912.759 
0.0001548365 5041.634 
0.000168985 5114.229 
0.0001844263 5133.126 
0.0002012785 5117.032 
0.0002196707 5062.798 
0.0002397435 4975.322 
0.0002616505 4869.326 
0.0002855592 4739.027 
0.0003116527 4597.48 
0.0003401305 4443.183 
0.0003712105 4279.738 
0.0004051305 4112.677 
0.00044215 3943.497 
0.0004825522 3769.776 
0.0005266462 3595.86 
0.0005747694 3425.378 
0.00062729 3259.247 
0.0006846097 3092.417 
0.0007471671 2932.864 
0.0008154407 2776.987 
0.000889953 2626.471 
0.000971274 2480.25 
0.001060026 2340.974 
0.001156888 2206.64 
0.0012626 2079.628 
0.001377972 1956.131 
0.001503887 1837.76 
0.001641307 1725.428 
0.001791284 1618.204 
0.001954966 1516.562 
0.002133605 1420.596 
0.002328566 1329.767 
0.002541343 1243.119 
0.002773563 1160.749 
0.003027002 1084.545 
0.003303599 1011.498 
0.003605471 942.2678 
0.003934927 878.156 
0.004294488 816.5528 
0.004686904 759.9381 
0.005115178 706.238 
0.005582586 656.0628 
0.006092705 608.3269 
0.006649436 564.263 
0.00725704 523.2912 
0.007920164 484.7264 
0.008643883 448.897 
0.009433732 415.0393 
0.01029576 384.189 
0.01123655 354.9993 
0.01226331 327.8184 
0.01338389 302.7442 
0.01460686 279.634 
0.01594159 257.7554 
0.01739828 237.8528 
0.01898808 219.1553 
0.02072315 202.0701 
0.02261676 186.0266 
0.0246834 171.2836 
0.02693889 157.5854 
0.02940048 145.1192 
0.032087 133.4077 
0.035019 122.6761 
0.03821893 112.8471 
